20
20
20
20
20
20
20
20
20
20
20
20
20
20
20
20
20
20
20
20
20
20
20
20
20
20
20
20
20
20
20
20
20
20
20
20
20
20
20
20
20
20
20
20
20
20
20
20
20
20
20
20
20
20
20
20
20
20
20
20
20
20
20
20
20
20
20
20
20
20
20
20
20
20
20
20
20
20
20
20
20
20
20
20
20
20
20
20
20
20
20
20
20
20
20
20
20
20
20
20
20
20
20
20
20
20
20
20
20
20
20
20
20
20
20
20
20
20
20
20
20
20
20
20
20
20
20
20
20
20
20
20
20
20
20
20
20
20
20
20
20
20
20
20
20
20
20
20
20
20
20
20
20
20
20
20
20
20
20
20
20
20
20
20
20
20
20
20
20
20
20
20
20
20
20
20
20
20
20
20
20
20
20
20
20
20
20
20
20
20
20
20
20
20
20
20
20
20
20
20
20
20
20
20
20
20
20
20
20
20
20
20
20
20
20
20
20
20
20
20
20
20
20
20
20
20
20
20
20
20
20
20
20
20
20
20
20
20
20
20
20
20
20
20
20
20
20
20
20
20
20
20
20
20
20
20
20
20
20
20
20
20
20
20
20
20
20
20
20
20
20
20
20
20
20
20
20
20
20
20
20
20
20
20
20
20
20
20
20
20
20
20
20
20
20
20
20
20
20
20
20
20
20
20
20
20
20.2
20.2
20.2
20.4
20.4
20.6
20.6
20.8
21
21
21.00066
21.8
21.80128
22.155
22.38
23
23.44502
23.89192
23.9
24
24
25
25
25
25
25
25.4
25.4
26
26
26
26
26
26
26.74
26.7402
26.7404
26.7406
26.84
27
27.4
27.4
28
28
29
29
29
29.05104
29.2
30
30
30
30
30
30
30
30
30
30
30.06386
30.199
30.4
30.70026
31
31.2
31.31316
32
32
32
32.1771
33.34
33.51892
34.04
34.22574
35.68
36
36
36.28108
36.6
37.38712
38.8
39
39.3999
39.4
39.6412
39.8
40
40
40
40
40
40
40
40
40
40
40
40
40
40
40
40
40
40
40
40
40
40
40
40
40
40
40
40
40
40
40
40
40
40
40
40
40
40
40
40
40
40
40
40
40
40
40
40
40
40
40
40
40
40
42
42
42
42.233
44
44
44
44.12
48.49936
48.8
48.968
49.8
50
50
50
50
50
50
50
50
50
50
50
50
50
50
50
50
50
50
50
50
50
50
50
50
50
50
50
50
50
50
50
50
50.00002
50.2
50.6
50.8
52
56
56
56
57.2755
57.8
57.94018
58
59
59.6
60
60
60
60
60
60
60
60
60
60
60
60
60
60
60
60
60
60
60
60
60
60
60
60
60
60
60
60
61
62.76
63.94
63.96
64.52
64.5286
65.21222
65.4
65.4
66
66.6
67.72086
68
68
69.26348
69.76
69.97916
70
70
70
70
70
72
72.4
73.8
75
75
77.8
78
78
79.8
80
80
80
80
80
80
80
80
80
80
80
80
80
80
80
80
80
80
80.2
81.7704
82.4
83.58358
88
89.6
90
90
92
92
92.49156
93.58846
94.4
95
98
98
98.29422
98.8
99
99
99.6
99.8
100
100
100
100
100
100
100
100
100
100
100
100
100
100
100
100
100
100
100
100
100
100
100
100
100
100
100
100
100
100
100
100
100
100
100
100
100
100
100
100
100
100
100
100
100
100
100
100
100
100
100
100
100
100
100
100
100
100
100
100
100
100
100
100
100
100
100
100
100
100
100
100
100
100
100
100
100
100
100
100
100
100
100
100
100
100
100
100
100
100
100
100
100
100
100
100
100
100
100
100
100
100
100
100
100
100
100
100
100
100
100
100
100
100
100
100
100
100
100
100
100
100
100
100
100
100
100
100
100
100
100
100
100
100
100
100
100
100
100
100
100
100
100
100
100
100
100
100
100
100
100
100
100
100
100
100
100
100
100
100
100
100
100
100
100
100
100
100
100
100
100
100
100
100
100
100
100.0098
100.6
101.5228
101.6
101.6
101.6
101.6
101.6
101.6
102
102
102
105.50124
106
106
106
106.56
107.6
108
109.8
110
110.82518
111
111
112
114
115.8
115.8
118.8
120
120
120
120
120
120
120
120
120
122
123
124.9211
126
126.26028
126.48992
127.67484
128.4
130
130
131.97068
133.7123
134
134.15976
135.4
136
137
137.8
138
139.74
139.93962
140
140
140
140
140
140
140
140.84
144
144
144
148
149.2
149.6
149.8
150
150
150
150
150
150
150
150
150.2
152.12084
153.2
158
159
159
159.8
159.8
160
160
160
160
160
160
160
160
160
160
160
160
160.6618
160.88484
166.666
167.7745
169.6
169.8
170
170
170.71868
172.4
173
176
177.67096
178
180
180
180
180
180
180
180
180
180
180
180
182
183.84044
186
186
194.8
196.27978
197.5598
198
198
198
198.8
198.8
199.35898
199.6
199.6
199.6
199.6
199.8
199.8
199.8
199.8
199.82
200
200
200
200
200
200
200
200
200
200
200
200
200
200
200
200
200
200
200
200
200
200
200
200
200
200
200
200
200
200
200
200
200
200
200
200
200
200
200
200
200
200
200
200
200
200
200
200
200
200
200
200
200
200
200
200
200
200
200
200
200
200
200
200
200
200
200
200
200
200
200
200
200
200
200
200
200
200
200
200
200
200
200
200
200
200
200
200
200
200
200
200
200
200
200
200
200
200
200
200
200
200
200
200
200
200
200
200
200
200
200
200
200
200
200
200
200
200
200
200
200
200
200
200
200
200
200
200
200
200
200
200
200
200
200
200
200
200
200
200
200
200
200
200
200
200
200
200
200
200
200
200
200
200
200
200
200
200
200
200
200
200
200
200
200
200
200
200
200
200
200
200
200
200
200
200
200
200
200
200
200
200
200
200
200
200
200
200
200
200
200
200
200
200
200
200
200
200
200
200
200
200
200
200
200
200
200
200
200
200
200
200
200
200
200
200
200
200
200
200
200
200
200
200
200
200
200
200
200
200
200
200
200
200
200
200
200
200
200
200
200
200
200
200
200
200
200
200
200
200
200
200
200
200
200
200
200
200
200
200
200
200
200
200
200
200
200
200
200
200
200
200
200
200
200
200
200
200
200
200
200
200
200
200
200
200
200
200
200
200
200
200
200
200
200
200
200
200
200
200
200
200
200
200
200
200
200
200
200
200
200
200
200
200
200
200
200
200
200
200
200
200
200
200
200
200
200
200
200
200
200
200
200
200
200
200
200
200
200
200
200
200
200
200
200
200
200
200
200
200
200
200
200
200
200
200
200
200
200
200
200
200
200
200
200
200
200
200
200
200
200
200
200
200
200
200
200
200
200
200
200
200
200
200.2
200.2
200.2
200.2
201.4129
201.50174
201.61
203
203
203
203
203
203.04564
203.2
204
204.60818
205.27472
205.98182
206
208.43344
209.44
216
216
218
219
220
220
220
220
220
223.60002
224
225.41632
227.9424
229.427
230
230.2
230.75238
231.8
234
238.6
240
240
240
240
240
240
240
240
240
240
242.74348
246
250
250
250
250
250
250
250
250
250
250
250
250
250
250.54366
252
253.31924
253.57424
254
258
258.0645
259.0848
259.45604
259.8
260
260
260
260
260
260
260
260
261.4
264
265.79302
266.01524
277
279.6
280
280
280
280
280
280
281.8
284
285
286.60002
290.79368
291.2
298
298
299
299.5
299.59852
299.72
300
300
300
300
300
300
300
300
300
300
300
300
300
300
300
300
300
300
300
300
300
300
300
300
300
300
300
300
300
300
300
300
300
300
300
300
300
300
300
300
300
300
300
300
300.202
301.97376
306
306.55274
307.6
310
310
314.38272
315.9
317
320
320
320
320
320
320
320
320
321.6
322.0612
322.2
323.3786
324
326
328
330
334.13302
335.32
335.78
335.94028
336
338.46416
338.83004
339.98578
340
340
340
340
340
340
340
340
340
341.2
342
343.8
344
354.6
355.2428
355.8
355.89004
360
360
360
360
360
360.35414
370
373.6
379.78656
380
384.9079
390
393.28428
396
396
398
398.8
399
399.6
399.6
399.8
399.8
400
400
400
400
400
400
400
400
400
400
400
400
400
400
400
400
400
400
400
400
400
400
400
400
400
400
400
400
400
400
400
400
400
400
400
400
400
400
400
400
400
400
400
400
400
400
400
400
400
400
400
400
400
400
400
400
400
400
400
400
400
400
400
400
400
400
400
400
400
400
400
400
400
400
400
400
400
400
400
400
400
400
400
400
400
400
400
400
400
400
400
400
400
400
400
400
400
400
400
400
400
400
400
400
400
400
400
400
400
400
400
400
400
400
400
400
400
400
400
400
400
400
400
400
400
400
400
400
400
400
400
400
400
400
400
400
400
400
400
400
400
400
400
400
400
400
400
400
400
400
400
400
400
400
400
400
400
400.02
401.8
404.8
406
408
411.88
420
428.848
429.41316
432
432.8
438
440
440
445.8
445.86018
446
446
447
448.7989
450
450
456.082
456.1564
456.51676
459.6
460
460
468
470.4
480
480
480
481.44574
482
493.20758
494
494.8
499
499.8
499.8
500
500
500
500
500
500
500
500
500
500
500
500
500
500
500
500
500
500
500
500
500
500
500
500
500
500
500
500
500
500
500
500
500
500
500
500
500
500
500
500
500
500
500
500
500
500
500
500
500
500
500
500
500
500
500
500
500
500
500
500
500
500
500
500
500
500
500
500
500
500
500
500
500
500
500
500
500
500
500
500
500
500
500
500
500
500
500
500
500
500
500
500
500
500
500
500
500
500
500
500
500
500
500
500
500
500
500
500
500
500
500
500
500
500
500
500
500
500
500
500
500
500
500
500
500
500
500
500
500
500
500
500
500
500
500
500
500
500
500
500
500
500
500
500
500
500
500
500
500
500
500
500
500
500
500
500
500
500
500
500
500
500
500
500
500
500
500
500
500
500
500
500
500
500
500
500
500.00002
500.2
500.2
500.6
502
502
502.76362
506
507.6
507.6
507.6
507.6
508.87686
512
520
520
520
520.51072
524
526.8
527.55802
528.6
530
532
534.4
540
540
540
540
557.80002
562.8
568.6
572.15382
574.02792
576
583.9
590.59824
598
598.2
600
600
600
600
600
600
600
600
600
600
600
600
600
600
600
600
600
600
600
600
600
600
600
600
600
600
600
600
600
600
600
600
600
600
600
600
600
600
600
600
600
600
600
600
600
600
600
600
600
600
600
600
600
600
600
600
600
600
600
600.2
600.4
602.70986
606.09358
608
616
617.2
622.9118
632.2
640
640
640
640
640
640
640
646
650
656
658
659.2
659.80184
660
660
660
660
660
660
660
660
664
665.8
666
666
666
666
680
680
680
690
690.2
698.8
700
700
700
700
700
700
700
700
700
714.58052
716.8
717
720
721.40016
734
738.57812
740
740
750
750
760
778.2
780
780
785.4402
790.1747
792
795.86
798
799.6
799.60002
800
800
800
800
800
800
800
800
800
800
800
800
800
800
800
800
800
800
800
800
800
800
800
800
800
800.00002
804
809.02186
812.72184
820
820
825.98242
832.96364
839.2
840
840
842
860
863
863
865.992
870.4
870.8
878
880
880
880
880
880
889.8
890.34286
896
900
900
900
900
900
900
900
900
900
906.4
907.4
909.83198
915.58354
920
924.17162
930.2
940
940
940
940
940.22908
942
960
960
960
960
980
983.08612
990
992.4
993.8
999
999
999
999.2
999.6
999.8
999.8
999.8
999.8
999.8
999.8
999.91
1000
1000
1000
1000
1000
1000
1000
1000
1000
1000
1000
1000
1000
1000
1000
1000
1000
1000
1000
1000
1000
1000
1000
1000
1000
1000
1000
1000
1000
1000
1000
1000
1000
1000
1000
1000
1000
1000
1000
1000
1000
1000
1000
1000
1000
1000
1000
1000
1000
1000
1000
1000
1000
1000
1000
1000
1000
1000
1000
1000
1000
1000
1000
1000
1000
1000
1000
1000
1000
1000
1000
1000
1000
1000
1000
1000
1000
1000
1000
1000
1000
1000
1000
1000
1000
1000
1000
1000
1000
1000
1000
1000
1000
1000
1000
1000
1000
1000
1000
1000
1000
1000
1000
1000
1000
1000
1000
1000
1000
1000
1000
1000
1000
1000
1000
1000
1000
1000
1000
1000
1000
1000
1000
1000
1000
1000
1000
1000
1000
1000
1000
1000
1000
1000
1000
1000
1000
1000
1000
1000
1000
1000
1000
1000
1000
1000
1000
1000
1000
1000
1000
1000
1000
1000
1000
1000
1000
1000
1000
1000
1000
1000
1000
1000
1000
1000
1000
1000
1000
1000
1000
1000
1000
1000
1000
1000
1000
1000
1000
1000
1000
1000
1000
1000
1000
1000
1000
1000
1000
1000
1000
1000
1000
1000
1000
1000
1000
1000
1000
1000
1000
1000
1000
1000
1000
1000
1000
1000
1000
1000
1000
1000
1000
1000
1000
1000
1000
1000
1000
1000
1000
1000
1000
1000
1000
1000
1000
1000
1000
1000
1000
1000
1000
1000
1000
1000
1000
1000
1000
1000
1000
1000
1000
1000
1000
1000
1000
1000
1000
1000
1000
1000
1000
1000
1000
1000
1000
1000
1000
1000
1000
1000
1000
1000
1000
1000
1000
1000
1000
1000
1000
1000
1000
1000
1000
1000
1000
1000
1000
1000
1000
1000
1000
1000
1000
1000
1000
1000
1000
1000
1000
1000
1000
1000
1000
1000
1000
1000
1000
1000
1000
1000
1000
1000
1000
1000
1000
1000
1000
1000
1000
1000
1000
1000
1000
1000
1000
1000
1000
1000
1000
1000
1000
1000
1000
1000
1000
1000
1000
1000
1000
1000
1000
1000
1000
1000
1000
1000
1000
1000
1000
1000
1000
1000
1000
1000
1000
1000
1000
1000
1000
1000
1000
1000
1000
1000
1000
1000
1000
1000
1000
1000
1000
1000
1000
1000
1000
1000
1000
1000
1000
1000
1000
1000
1000
1000
1000
1000
1000
1000
1000
1000
1000
1000
1000
1000
1000
1000
1000
1000
1000
1000
1000
1000
1000
1000
1000
1000
1000
1000
1000
1000
1000
1000
1000
1000
1000
1000
1000
1000
1000
1000
1000
1000
1000
1000
1000
1000
1000
1000
1000
1000
1000
1000
1000
1000
1000
1000
1000
1000
1000
1000
1000
1000
1000
1000
1000
1000
1000
1000
1000
1000
1000
1000
1000
1000
1000
1000
1000
1000
1000
1000
1000
1000
1000
1000
1000
1000
1000
1000
1000
1000
1000
1000
1000
1000
1000
1000
1000
1000
1000
1000
1000
1000
1000
1000
1000
1000
1000
1000
1000
1000
1000
1000
1000
1000
1000
1000
1000
1000
1000
1000
1000
1000
1000
1000
1000
1000
1000
1000
1000
1000
1000
1000
1000
1000
1000
1000
1000
1000
1000
1000
1000
1000.2
1006.05464
1008
1010.6944
1012.96112
1013.6
1015.2
1015.2
1015.2
1015.2
1015.2
1015.2
1015.2
1015.2
1015.2
1015.2
1015.2
1015.2
1015.2
1015.2
1015.2
1015.2
1015.2
1015.2
1015.2
1015.36
1020
1025
1039
1042.8835
1050
1053.89364
1056.6
1060
1063.12
1070.75044
1078
1080
1089.04172
1094.01442
1096.14
1100
1100
1100
1100
1100
1100
1101.9326
1104
1117.35
1120
1120
1122
1127
1129.97734
1130.51398
1131.60738
1139.4
1154
1157.74
1159.6
1160
1170.68524
1176
1190.8
1200
1200
1200
1200
1200
1200
1200
1200
1200
1200
1200
1200
1200
1200
1200
1200
1200
1200
1200
1200
1207.8
1211.74784
1220.2
1221.34146
1240
1240
1241.62068
1274.27444
1285.6009
1295.46002
1300
1310
1318.8
1320
1320
1324.24532
1325
1330.75522
1340.86
1357.8
1360
1366.48184
1379.99998
1380
1380
1400
1400
1400
1400
1400
1400
1400
1400
1400
1400
1400
1400
1400
1400
1440
1440
1454.4
1460
1460
1480
1480
1498
1499.8
1500
1500
1500
1500
1500
1500
1500
1500
1500
1500
1500
1500
1500
1500
1500
1500
1500
1500
1500
1500
1500
1500
1507
1520
1537.1008
1560
1560
1560.56296
1580
1599.2
1599.8
1600
1600
1600
1600
1600
1600
1600
1600
1600
1600
1600
1600
1600
1600
1600
1600
1623.3317
1632
1656.35394
1656.8
1659.6
1663.41788
1667.4
1685.36552
1688.8
1700
1730
1760
1794
1794.4
1799.8
1799.8
1800
1800
1800
1800
1800
1800
1800
1800
1800
1800
1800
1801.8
1818
1827.81492
1856.358964
1856.358964
1860
1880
1900
1910
1923
1930.05076
1950
1960
1960
1960
1960
1960
1966
1968.6823
1968.8
1980
1980
1980
1980
1984.28996
1987.59214
1992.6
1994
1996
1996.8
1997.2
1997.8036
1998
1998
1998
1998
1999
1999
1999
1999
1999
1999
1999
1999
1999.2
1999.4
1999.6
1999.6
1999.6
1999.6
1999.6
1999.6
1999.6
1999.6
1999.66428
1999.8
1999.8
1999.8
1999.8
1999.8
1999.8
1999.8
1999.8
1999.8
1999.8
1999.8
1999.8
1999.8
1999.99998
2000
2000
2000
2000
2000
2000
2000
2000
2000
2000
2000
2000
2000
2000
2000
2000
2000
2000
2000
2000
2000
2000
2000
2000
2000
2000
2000
2000
2000
2000
2000
2000
2000
2000
2000
2000
2000
2000
2000
2000
2000
2000
2000
2000
2000
2000
2000
2000
2000
2000
2000
2000
2000
2000
2000
2000
2000
2000
2000
2000
2000
2000
2000
2000
2000
2000
2000
2000
2000
2000
2000
2000
2000
2000
2000
2000
2000
2000
2000
2000
2000
2000
2000
2000
2000
2000
2000
2000
2000
2000
2000
2000
2000
2000
2000
2000
2000
2000
2000
2000
2000
2000
2000
2000
2000
2000
2000
2000
2000
2000
2000
2000
2000
2000
2000
2000
2000
2000
2000
2000
2000
2000
2000
2000
2000
2000
2000
2000
2000
2000
2000
2000
2000
2000
2000
2000
2000
2000
2000
2000
2000
2000
2000
2000
2000
2000
2000
2000
2000
2000
2000
2000
2000
2000
2000
2000
2000
2000
2000
2000
2000
2000
2000
2000
2000
2000
2000
2000
2000
2000
2000
2000
2000
2000
2000
2000
2000
2000
2000
2000
2000
2000
2000
2000
2000
2000
2000
2000
2000
2000
2000
2000
2000
2000
2000
2000
2000
2000
2000
2000
2000
2000
2000
2000
2000
2000
2000
2000
2000
2000
2000
2000
2000
2000
2000
2000
2000
2000
2000
2000
2000
2000
2000
2000
2000
2000
2000
2000
2000
2000
2000
2000
2000
2000
2000
2000
2000
2000
2000
2000
2000
2000
2000
2000
2000
2000
2000
2000
2000
2000
2000
2000
2000
2000
2000
2000
2000
2000
2000
2000
2000
2000
2000
2000
2000
2000
2000
2000
2000
2000
2000
2000
2000
2000
2000
2000
2000
2000
2000
2000
2000
2000
2000
2000
2000
2000
2000
2000
2000
2000
2000
2000
2000
2000
2000
2000
2000
2000
2000
2000
2000
2000
2000
2000
2000
2000
2000
2000
2000
2000
2000
2000
2000
2000
2000
2000
2000
2000
2000
2000
2000
2000
2000
2000
2000
2000
2000
2000
2000
2000
2000
2000
2000
2000
2000
2000
2000
2000
2000
2000
2000
2000
2000
2000
2000
2000
2000
2000
2000
2000
2000
2000
2000
2000
2000
2000
2000
2000
2000
2000
2000
2000
2000
2000
2000
2000
2000
2000
2000
2000
2000
2000
2000
2000
2000
2000
2000
2000
2000
2000
2000
2000
2000
2000
2000
2000
2000
2000
2000
2000
2000
2000
2000
2000
2000
2000
2000
2000
2000
2000
2000
2000
2000
2000
2000
2000
2000
2000
2000
2000
2000
2000
2000
2000
2000
2000
2000
2000
2000
2000
2000
2000
2000
2000
2000
2000
2000
2000
2000
2000
2000
2000
2000
2000
2000
2000
2000
2000
2000
2000
2000
2000
2000
2000
2000
2000
2000
2000
2000
2000
2000
2000
2000
2000
2000
2000
2000
2000
2000
2000
2000
2000
2000
2000
2000
2000
2000
2000
2000
2000
2000
2000
2000
2000
2000
2000
2000
2000
2000
2000
2000
2000
2000
2000
2000
2000
2000
2000
2000
2000
2000
2000
2000
2000
2000
2000
2000
2000
2000
2000
2000
2000
2000
2000
2000
2000
2000
2000
2000
2000
2000
2000
2000
2000
2000
2000
2000
2000
2000
2000
2000
2000
2000
2000
2000
2000
2000
2000
2000
2000
2000
2000
2000
2000
2000
2000
2000
2000
2000
2000
2000
2000
2000
2000
2000
2000
2000
2000
2000
2000
2000
2000
2000
2000
2000
2000
2000
2000
2000
2000
2000
2000
2000
2000
2000
2000
2000
2000
2000
2000
2000
2000
2000
2000
2000
2000
2000
2000
2000
2000
2000
2000
2000
2000
2000
2000
2000
2000
2000
2000
2000
2000
2000
2000
2000
2000
2000
2000
2000
2000
2000
2000
2000
2000
2000
2000
2000
2000
2000
2000
2000
2000
2000
2000
2000
2000
2000
2000
2000
2000
2000
2000
2000
2000
2000
2000
2000
2000
2000
2000
2000
2000
2000
2000
2000
2000
2000
2000
2000
2000
2000
2000
2000
2000
2000
2000
2000
2000
2000
2000
2000
2000
2000
2000
2000
2000
2000
2000
2000
2000
2000
2000
2000
2000
2000
2000
2000
2000
2000
2000
2000
2000
2000
2000
2000
2000
2000
2000
2000
2000
2000
2000
2000
2000
2000
2000
2000
2000
2000
2000
2000
2000
2000
2000
2000
2000
2000
2000
2000
2000
2000
2000
2000
2000
2000
2000
2000
2000
2000
2000
2000
2000
2000
2000
2000
2000
2000
2000
2000
2000
2000
2000
2000
2000
2000
2000
2000
2000
2000
2000
2000
2000
2000
2000
2000
2000
2000
2000
2000
2000
2000
2000
2000
2000
2000
2000
2000
2000
2000
2000
2000
2000
2000
2000
2000
2000
2000
2000
2000
2000
2000
2000
2000
2000
2000
2000
2000
2000
2000
2000
2000
2000
2000
2000
2000
2000
2000
2000
2000
2000
2000
2000
2000
2000
2000
2000
2000
2000
2000
2000
2000
2000
2000
2000
2000
2000
2000
2000
2000
2000
2000
2000
2000
2000
2000
2000
2000
2000
2000
2000
2000
2000
2000
2000
2000
2000
2000
2000
2000
2000
2000
2000
2000
2000
2000
2000
2000
2000
2000
2000
2000
2000
2000
2000
2000
2000
2000
2000
2000
2000
2000
2000
2000
2000
2000
2000
2000
2000
2000
2000
2000
2000
2000
2000
2000
2000
2000
2000
2000
2000
2000
2000
2000
2000
2000
2000
2000
2000
2000
2000
2000
2000
2000
2000
2000
2000
2000
2000
2000
2000
2000
2000
2000
2000
2000
2000
2000
2000
2000
2000
2000
2000
2000
2000
2000
2000
2000
2000
2000
2000
2000
2000
2000
2000
2000
2000
2000
2000
2000
2000
2000
2000
2000
2000
2000
2000
2000
2000
2000
2000
2000
2000
2000
2000
2000
2000
2000
2000
2000
2000
2000
2000
2000
2000
2000
2000
2000
2000
2000
2000
2000
2000
2000
2000
2000
2000
2000
2000
2000
2000
2000
2000
2000
2000
2000
2000
2000
2000
2000
2000
2000
2000
2000
2000
2000
2000
2000
2000
2000
2000
2000
2000
2000
2000
2000
2000
2000
2000
2000
2000
2000
2000
2000
2000
2000
2000
2000
2000
2000
2000
2000
2000
2000
2000
2000
2000
2000
2000
2000
2000
2000
2000
2000
2000
2000
2000
2000
2000
2000
2000
2000
2000
2000
2000
2000
2000
2000
2000
2000
2000
2000
2000
2000
2000
2000
2000
2000
2000
2000
2000
2000
2000
2000
2000
2000
2000
2000
2000
2000
2000
2000
2000
2000
2000
2000
2000
2000
2000
2000
2000
2000
2000
2000
2000
2000
2000
2000
2000
2000
2000
2000
2000
2000
2000
2000
2000
2000
2000
2000
2000
2000
2000
2000
2000
2000
2000
2000
2000
2000
2000
2000
2000
2000
2000
2000
2000
2000
2000
2000
2000
2000
2000
2000
2000
2000
2000
2000
2000
2000
2000
2000
2000
2000
2000
2000
2000
2000
2000
2000
2000
2000
2000
2000
2000
2000
2000
2000
2000
2000
2000
2000
2000
2000
2000
2000
2000
2000
2000
2000
2000
2000
2000
2000
2000
2000
2000
2000
2000
2000
2000
2000
2000
2000
2000
2000
2000
2000
2000
2000
2000
2000
2000
2000
2000
2000
2000
2000
2000
2000
2000
2000
2000
2000
2000
2000
2000
2000
2000
2000
2000
2000
2000
2000
2000
2000
2000
2000
2000
2000
2000
2000
2000.02
2000.2
2000.2
2000.2
2000.2
2000.2
2000.4
2001
2001
2001.6
2001.6
2002
2002
2002
2002
2002
2003
2005.1094
2005.16
2012
2013.96
2018
2020
2020
2020
2030.4
2030.4
2030.4
2030.4
2030.4
2030.4
2030.4
2030.4
2030.4
2030.4
2030.4
2030.4
2030.4
2030.4
2030.4
2030.4
2030.4
2030.4
2030.4
2030.4
2030.4
2030.4
2030.4
2030.4
2030.4
2030.4
2030.4
2030.4
2030.4
2030.4
2030.4
2030.4
2030.4
2030.4
2030.4
2030.4
2030.4
2030.4
2030.4
2030.4
2030.4
2030.4
2030.4
2030.4
2030.4
2030.4
2030.4
2040
2040
2044
2048
2048
2050
2070
2081.2
2089.2683
2100
2130
2140.23414
2153.8
2160.8172
2166
2180
2199
2200
2200
2200
2200
2200
2200
2213.31194
2217.77608
2240
2259.8
2263.6
2300
2300
2316.05806
2339.80058
2344
2345
2350.50286
2365
2396
2396
2399.8
2400
2400
2400
2400
2400
2400
2400
2400
2400
2400
2400
2406.01718
2419
2434
2445.35316
2460
2468
2470.4078
2480
2500
2500
2500
2500
2500
2538.0711
2545.84344
2547
2560
2560
2577.13926
2598
2600
2600
2600
2600
2600
2600
2600
2626.2626
2638
2640
2659.16032
2672
2700
2700
2733.35128
2738
2760
2798
2800
2800
2800
2800
2800
2800
2800
2800
2800
2804.4
2804.4
2842.6
2900
2900
2914
2944.2
2958
2973.024
2980
2998.8
2999.4
3000
3000
3000
3000
3000
3000
3000
3000
3000
3000
3000
3000
3000
3000
3000
3000
3000
3000
3000
3000
3000
3000
3000
3000
3000
3000
3000
3000
3000
3000
3000
3000
3000
3000
3000
3000
3000
3000
3000
3000
3000
3000
3000
3000
3000
3000
3000
3000
3000
3000
3000
3000
3000
3000
3000
3000
3000
3000
3000
3000
3000
3000
3000
3000
3000
3000
3000
3000
3000
3000
3000
3000
3000
3000
3000
3000
3000
3000
3000
3000
3000.51298
3001
3012.13956
3018
3021.8
3046
3050.2
3086
3100
3113.56406
3129.8
3160
3180
3186
3200
3200
3200
3200
3200
3231.25956
3248.628187
3248.628187
3256
3290
3300
3320
3340
3340
3340
3380
3397.0536
3397.0536
3400
3400
3400
3416
3417.09
3420
3429.22754
3500
3500
3580
3580
3600
3600
3600
3600
3625.69374
3712.717928
3716
3800
3880
3960
3978
3980
3980
3980
3980
3986
3988
3996.8
3997.4
3998
3998
3998
3998
3999
3999
3999
3999.5
3999.8
3999.8
3999.8
4000
4000
4000
4000
4000
4000
4000
4000
4000
4000
4000
4000
4000
4000
4000
4000
4000
4000
4000
4000
4000
4000
4000
4000
4000
4000
4000
4000
4000
4000
4000
4000
4000
4000
4000
4000
4000
4000
4000
4000
4000
4000
4000
4000
4000
4000
4000
4000
4000
4000
4000
4000
4000
4000
4000
4000
4000
4000
4000
4000
4000
4000
4000
4000
4000
4000
4000
4000
4000
4000
4000
4000
4000
4000
4000
4000
4000
4000
4000
4000
4000
4000
4000
4000
4000
4000
4000
4000
4000
4000
4000
4000
4000
4000
4000
4000
4000
4000
4000
4000
4000
4000
4000
4000
4000
4000
4000
4000
4000
4000
4000
4000
4000
4000
4000
4000
4000
4000
4000
4000
4000
4000
4000
4000
4000
4000
4000
4000
4000
4000
4000
4000
4000
4000
4000
4000
4000
4000
4000
4000
4000
4000
4000
4000
4000
4000
4000
4000
4000
4000
4000
4000
4000
4000
4000
4000
4000
4000
4000
4000
4000
4000
4000
4000
4000
4000
4000
4000
4000
4000
4000
4000
4000
4000
4000
4000
4000
4000
4000
4000
4000
4000
4000
4000
4000
4000
4000
4000
4000
4000
4000
4000
4000
4000
4000
4000
4000
4000
4000
4000
4000
4000
4000
4000
4000
4000
4000
4000
4000
4000
4000
4000
4000
4000
4000
4000
4000
4000
4000
4000
4000
4000
4000
4000
4000
4000
4000
4000
4000
4000
4000
4000
4000
4000
4000
4000
4000
4000
4000
4000
4000
4000
4000
4000
4000
4000
4000
4000
4000
4000
4000
4000
4000
4000
4000
4000
4000
4000
4000
4000
4000
4000
4000
4000
4000
4000
4000
4000
4000
4000
4000
4000
4000
4000
4000
4000
4000
4000
4000
4000
4000
4000
4000
4000
4000
4000
4000
4000
4000
4000
4000
4000
4000
4000
4000
4000
4000
4000
4000
4000
4000
4000
4000
4000
4000
4000
4000
4000
4000
4000
4000
4000
4000
4000
4000
4000
4000
4000
4000
4000
4000
4000
4000
4000
4000
4000
4000
4000
4000
4000
4000
4000
4002
4020
4020
4062
4062
4074
4084
4100
4142.2968
4174.12
4176.807669
4176.807669
4180
4200
4200
4200
4200
4200
4271.31624
4300
4325.68398
4376.76
4400
4436.10146
4467
4480
4488
4488
4495.6
4500
4500
4500
4511.6
4516.2
4600
4600
4610
4691.5886
4722.92
4749.8
4796
4800
4800
4800
4853
4879.98
4997.8
5000
5000
5000
5000
5000
5000
5000
5000
5000
5000
5000
5000
5000
5000
5000
5000
5000
5000
5000
5000
5000
5000
5000
5000
5000
5000
5000
5000
5000
5000
5000
5000
5000
5000
5000
5000
5000
5000
5000
5000
5000
5000
5000
5000
5000
5000
5000
5000
5000
5000
5000
5000
5000
5000
5000
5000
5000
5000.00002
5000.00002
5001.04182
5014
5054
5076.2
5076.2
5076.2
5076.2
5080
5080
5089.2
5100
5142
5200
5236.06798
5240
5260
5400
5540
5582.6704
5600
5600
5600
5600
5600
5660
5710.68422
5727.1397
5734.65546
5799.4
5800
5800
5800
5860
5935.8
5959.5988
5988.45928
5999
5999.8
6000
6000
6000
6000
6000
6000
6000
6000
6000
6000
6000
6000
6000
6000
6000
6000
6000
6000
6000
6000
6000
6000
6000
6000
6000
6000
6000
6000
6000
6000
6000
6000
6000
6000
6000
6000
6000
6000
6000
6000
6000
6000
6000
6000
6000
6000
6000
6000
6000
6000
6000
6000
6000
6000
6000
6000
6000
6000
6000
6000
6000
6000
6000
6000
6000
6000
6000
6000
6000
6000
6000
6000
6000
6000
6000
6000
6000
6000
6000
6000
6000
6000
6000
6000
6000
6000
6000
6000
6000
6000
6000
6000
6000
6000
6000
6000
6000
6000
6000
6000
6000
6000
6000
6000
6000
6000
6000
6000
6000
6000
6000
6000
6000
6000
6000
6000
6000
6000
6000
6000
6000
6000.6
6002
6014
6033.166633
6033.166633
6033.166633
6037.58
6060
6091.4
6100
6280
6366
6400
6400
6400
6400
6400
6458.4
6485
6600
6600
6625.36
6640
6700
6700
6719.6
6767.69574
6884
6900
6916.70998
6920
6961.346114
6961.346114
6961.346114
6961.346114
6969.38212
7000
7000
7000
7000
7000
7000
7000
7000
7000
7000
7000
7000
7000
7020
7199
7200
7200
7236.9
7460
7540
7740
7800
7813.09148
7889.525596
7889.525596
7889.525596
7889.525596
7998
8000
8000
8000
8000
8000
8000
8000
8000
8000
8000
8000
8000
8000
8000
8000
8000
8000
8000
8000
8000
8000
8000
8000
8000
8000
8000
8000
8000
8000
8000
8000
8000
8000
8000
8000
8000
8000
8000
8000
8000
8000
8000
8000
8000
8000
8000
8000
8000
8000
8000
8000
8000
8000
8000
8000
8000
8000
8000
8000
8000
8000
8000
8000
8000
8000
8000
8000
8000.2
8008
8121.8
8121.8
8298
8450
8456.77408
8499.6
8557.4
8800
8960
9000
9000
9000
9000
9000
9000
9002
9200
9281.794819
9380
9422.59568
9461.99642
9489.68122
9500
9553.1
9600
9600
9800
9800
9900
9940
9970.82316
9993
9998.6
9999
9999.8
9999.8
10000
10000
10000
10000
10000
10000
10000
10000
10000
10000
10000
10000
10000
10000
10000
10000
10000
10000
10000
10000
10000
10000
10000
10000
10000
10000
10000
10000
10000
10000
10000
10000
10000
10000
10000
10000
10000
10000
10000
10000
10000
10000
10000
10000
10000
10000
10000
10000
10000
10000
10000
10000
10000
10000
10000
10000
10000
10000
10000
10000
10000
10000
10000
10000
10000
10000
10000
10000
10000
10000
10000
10000
10000
10000
10000
10000
10000
10000
10000
10000
10000
10000
10000
10000
10000
10000
10000
10000
10000
10000
10000
10000
10000
10000
10000
10000
10000
10000
10000
10000
10000
10000
10000
10000
10000
10000
10000
10000
10000
10000
10000
10000
10000
10000
10000
10000
10000
10000
10000
10000
10000
10000
10000
10000
10000
10000
10000
10000
10000
10000
10000
10000
10000
10000
10000
10000
10000
10000
10000
10000
10000
10000
10000
10000
10000
10000
10000
10000
10000
10000
10000
10000
10000
10000
10000
10000
10000
10000
10000
10000
10000
10000
10000
10000
10000
10000
10000
10000
10000
10000
10000
10000
10000
10000
10000
10000
10000
10000
10000
10000
10000
10000
10000
10000
10000
10000
10000
10000
10000
10000
10000
10000
10000
10000
10000
10000
10000
10000
10000
10000
10000
10000
10000
10000
10000
10000
10000
10000
10000
10000
10000
10000
10000
10000.6
10020.47504
10044
10098
10100
10100
10100
10118
10152.2
10152.2
10152.28426
10156
10166.12876
10178.74486
10200
10209.9743
10209.9743
10246
10320.8
10400
10691.8
11000
11000
11024
11272.22986
11360
11400
11600
11792
11800
11886.64548
11979.6
11999
12000
12000
12000
12000
12000
12000
12000
12000
12000
12000
12000
12000
12000
12000
12000
12000
12000
12000
12000
12000
12000
12200
12280
12438.77768
12566.37
12800
12800
12994.51275
13000
13000
13098.65724
13169
13189.46798
13200
13260
13334
13458.60249
13620
13800
13840
13920
14000
14000
14000
14000
14000
14000
14000
14000
14000
14000
14000
14000
14000
14000
14000
14000
14000
14000
14000
14605.1314
14850.87171
14850.87171
14850.87171
14850.87171
14850.87171
15000
15097.428
15200
15202.56472
15576
15899.6
16000
16000
16000
16000
16000
16000
16000
16000
16000
16000
16000
16000
16000
16000
16000
16000
16000.6
16200
16300
16385.12828
16400
16465.63902
16707.23067
16770
16800
16800
16889.3292
17000
17000
17000
17000
17072.8
17171.32042
17200
17260
17332
17400
17443.2
17500
17635.41016
18000
18000
18000
18000
18000
18000
18099.4999
18500
18563.58964
18563.58964
18563.58964
18690
19000
19187.461
19600
19800
19800
19867.02108
19999
19999
19999.56
19999.8
19999.8
19999.8
19999.8
19999.8
19999.8
19999.8
20000
20000
20000
20000
20000
20000
20000
20000
20000
20000
20000
20000
20000
20000
20000
20000
20000
20000
20000
20000
20000
20000
20000
20000
20000
20000
20000
20000
20000
20000
20000
20000
20000
20000
20000
20000
20000
20000
20000
20000
20000
20000
20000
20000
20000
20000
20000
20000
20000
20000
20000
20000
20000
20000
20000
20000
20000
20000
20000
20000
20000
20000
20000
20000
20000
20000
20000
20000
20000
20000
20000
20000
20000
20000
20000
20000
20000
20000
20000
20000
20000
20000
20000
20000
20000
20000
20000
20000
20000
20000
20000
20000
20000
20000
20000
20000
20000
20000
20000
20000
20000
20000
20000
20000
20000
20000
20000
20000
20000
20000
20000
20000
20000
20000
20000
20000
20000
20000
20000
20000
20000
20000
20000
20000
20000
20000
20000
20000
20000
20000
20000
20000
20000
20000
20000
20000
20000
20000
20000
20000
20000
20000
20000
20000
20000
20000
20000
20000
20000
20000
20000
20000
20000
20000
20000
20000
20002
20190.03362
20419.9486
21000
21000.6
21319.6
21812.21783
22000
22000
22000
22000
22388
22740.39731
22886.8
23400
24000
24000
24000
24000
24000
24132.66653
24132.66653
24132.66653
24500
24533.1616
24860
25000
25000
25200
25380.8
25500
25989.02549
26000
26000
26000
26880
26980
27000
27060
27382.7087
28000
28000
28503.8247
29701.74342
30000
30000
30000
30000
30000
30000
30000
30000
30000
30000
30000
30000
30000
30000
30000
30000
30000
30000
30000
30000
30000
30000
30000
30165.83316
30380
30400
30456.8
31000
31000
31200
31200
31558.10239
31558.10239
32000
32000
32000
32022.19213
32500
33122
33999.6
35000
35270.82031
35420
36000
36000
36198.9998
36198.9998
37547.9478
38000
38000
38055.35876
38519.4485
39980
39998
40000
40000
40000
40000
40000
40000
40000
40000
40000
40000
40000
40000
40000
40000
40000
40000
40000
40000
40000
40000
40000
40000
40000
40000
40000
40000
40000
40000
40000
40000
40000
40000
40000
40000
40000
40000
41303.98695
41600
41764
42000
42000
43160.34591
44000
44088.52539
44284.72936
45016.70487
45944.88436
49200
49657.60228
50000
50000
50000
50000
50000
50000
50000
50000
50000
50000
50000
50000
50000
50000
50000
50019.6
52442.14073
54000
56000
56000
56154.85866
57413.8
58180
60000
60000
60000
60000
60000
60000
60000
60000
60000
60000
60000
61216.6
61520
62221.35578
62980
63580.29451
65232.38
65436.65348
66000
69400
70000
70000
70000
75182.53804
75646.62778
75800
76000
78000
80000
80000
80000
80000
80000
80000
80520
82143.88415
86600
87000
90000
94160
96000
96530.66612
96530.66612
96530.66612
96530.66612
98000
100000
100000
100000
100000
100000
100000
100000
100000
100000
100000
100000
100000
100000
100000
100000
100000
100000
100000
100000
100000
100000
100000
100000
100000
100000
100000
100000
100000
100000
100000
100000
100000
100000
100000
100000
100000
100000
100020
102000
104420.1917
114000
120000
120000
121500
129016.948
140000
140000
143403.73
146188.2684
150000
150000
160000
165170.6
170000
170000
172326.2532
174212
180000
187028.1656
190226.8507
200000
200000
200000
200000
200000
200000
200000
200000
200000
200000
200000
200000
200000
200000
200000
200000
200000
200000
200000
200000
203435.8
206764.1951
208000
210000.6
229724.4218
239006.2166
250000
250144.3704
250144.3704
250144.3704
250144.3704
254908
260000
270680
300000
300000
310000
314807.84
330000
346837.2
378000
380000
400000
400000
427890.7412
436000
450000
456000
500000
500000
530000
560000
660000
660360
933580
1000000
